epoch,loss,accuracy,val_loss,val_accuracy
0,1.4311824062093323,0.032926504,1.1740279545386632,0.04904096
1,1.0563495911888319,0.062301908,0.9029988447825114,0.072267585
2,0.8433854112705513,0.084358804,0.7427442545692126,0.094147004
3,0.7144711961094209,0.10281521,0.6571786105632782,0.10697468
4,0.638000709803713,0.113613464,0.5863035644094149,0.12038809
5,0.581412924598753,0.12376148,0.5473822777469953,0.13031428
6,0.5412075015551568,0.13135119,0.5109519052008787,0.13687246
7,0.5093596587526007,0.13749935,0.4857475521663825,0.14216083
8,0.4831677608257148,0.1428649,0.4669596143066883,0.14647229
9,0.46068785400651135,0.14754954,0.44794344405333203,0.15086114
